BootCurrent: 0000
Timeout: 5 seconds
BootOrder: 0080
Boot0080* Mac OS X	PciRoot(0x0)/Pci(0x1c,0x5)/Pci(0x0,0x0)/Sata(0,0,0)/HD(2,GPT,8e5e3e3d-0fef-401b-a73c-bc608f0a18ba,0x64028,0x1d322330)/VenMedia(be74fcf7-0b7c-49f3-9147-01f4042e6842,ce7fc3e776441c469a942050a2e6b6d4)/\601E3FB0-357E-35BB-A815-C38C43E3950E\System\Library\CoreServices\boot.efi
      dp: 02 01 0c 00 d0 41 03 0a 00 00 00 00 / 01 01 06 00 05 1c / 01 01 06 00 00 00 / 03 12 0a 00 00 00 00 00 00 00 / 04 01 2a 00 02 00 00 00 28 40 06 00 00 00 00 00 30 23 32 1d 00 00 00 00 3d 3e 5e 8e ef 0f 1b 40 a7 3c bc 60 8f 0a 18 ba 02 02 / 04 03 24 00 f7 fc 74 be 7c 0b f3 49 91 47 01 f4 04 2e 68 42 ce 7f c3 e7 76 44 1c 46 9a 94 20 50 a2 e6 b6 d4 / 04 04 9a 00 5c 00 36 00 30 00 31 00 45 00 33 00 46 00 42 00 30 00 2d 00 33 00 35 00 37 00 45 00 2d 00 33 00 35 00 42 00 42 00 2d 00 41 00 38 00 31 00 35 00 2d 00 43 00 33 00 38 00 43 00 34 00 33 00 45 00 33 00 39 00 35 00 30 00 45 00 5c 00 53 00 79 00 73 00 74 00 65 00 6d 00 5c 00 4c 00 69 00 62 00 72 00 61 00 72 00 79 00 5c 00 43 00 6f 00 72 00 65 00 53 00 65 00 72 00 76 00 69 00 63 00 65 00 73 00 5c 00 62 00 6f 00 6f 00 74 00 2e 00 65 00 66 00 69 00 00 00 / 7f ff 04 00
Boot0081* Mac OS X	PciRoot(0x0)/Pci(0x1c,0x5)/Pci(0x0,0x0)/Sata(0,0,0)/HD(2,GPT,8e5e3e3d-0fef-401b-a73c-bc608f0a18ba,0x64028,0x1d322330)/VenMedia(be74fcf7-0b7c-49f3-9147-01f4042e6842,ce7fc3e776441c469a942050a2e6b6d4)/\4555B31A-5A4B-4CE5-B486-81B436E88EE4\System\Library\CoreServices\boot.efi
      dp: 02 01 0c 00 d0 41 03 0a 00 00 00 00 / 01 01 06 00 05 1c / 01 01 06 00 00 00 / 03 12 0a 00 00 00 00 00 00 00 / 04 01 2a 00 02 00 00 00 28 40 06 00 00 00 00 00 30 23 32 1d 00 00 00 00 3d 3e 5e 8e ef 0f 1b 40 a7 3c bc 60 8f 0a 18 ba 02 02 / 04 03 24 00 f7 fc 74 be 7c 0b f3 49 91 47 01 f4 04 2e 68 42 ce 7f c3 e7 76 44 1c 46 9a 94 20 50 a2 e6 b6 d4 / 04 04 9a 00 5c 00 34 00 35 00 35 00 35 00 42 00 33 00 31 00 41 00 2d 00 35 00 41 00 34 00 42 00 2d 00 34 00 43 00 45 00 35 00 2d 00 42 00 34 00 38 00 36 00 2d 00 38 00 31 00 42 00 34 00 33 00 36 00 45 00 38 00 38 00 45 00 45 00 34 00 5c 00 53 00 79 00 73 00 74 00 65 00 6d 00 5c 00 4c 00 69 00 62 00 72 00 61 00 72 00 79 00 5c 00 43 00 6f 00 72 00 65 00 53 00 65 00 72 00 76 00 69 00 63 00 65 00 73 00 5c 00 62 00 6f 00 6f 00 74 00 2e 00 65 00 66 00 69 00 00 00 / 7f ff 04 00
Boot0082* 	PciRoot(0x0)/Pci(0x1c,0x5)/Pci(0x0,0x0)/Sata(0,0,0)/HD(2,GPT,8e5e3e3d-0fef-401b-a73c-bc608f0a18ba,0x64028,0x1d322330)/VenMedia(be74fcf7-0b7c-49f3-9147-01f4042e6842,ce7fc3e776441c469a942050a2e6b6d4)/\601E3FB0-357E-35BB-A815-C38C43E3950E\System\Library\CoreServices\boot.efi
      dp: 02 01 0c 00 d0 41 03 0a 00 00 00 00 / 01 01 06 00 05 1c / 01 01 06 00 00 00 / 03 12 0a 00 00 00 00 00 00 00 / 04 01 2a 00 02 00 00 00 28 40 06 00 00 00 00 00 30 23 32 1d 00 00 00 00 3d 3e 5e 8e ef 0f 1b 40 a7 3c bc 60 8f 0a 18 ba 02 02 / 04 03 24 00 f7 fc 74 be 7c 0b f3 49 91 47 01 f4 04 2e 68 42 ce 7f c3 e7 76 44 1c 46 9a 94 20 50 a2 e6 b6 d4 / 04 04 9a 00 5c 00 36 00 30 00 31 00 45 00 33 00 46 00 42 00 30 00 2d 00 33 00 35 00 37 00 45 00 2d 00 33 00 35 00 42 00 42 00 2d 00 41 00 38 00 31 00 35 00 2d 00 43 00 33 00 38 00 43 00 34 00 33 00 45 00 33 00 39 00 35 00 30 00 45 00 5c 00 53 00 79 00 73 00 74 00 65 00 6d 00 5c 00 4c 00 69 00 62 00 72 00 61 00 72 00 79 00 5c 00 43 00 6f 00 72 00 65 00 53 00 65 00 72 00 76 00 69 00 63 00 65 00 73 00 5c 00 62 00 6f 00 6f 00 74 00 2e 00 65 00 66 00 69 00 00 00 / 7f ff 04 00
BootFFFF* 	PciRoot(0x0)/Pci(0x1c,0x5)/Pci(0x0,0x0)/Sata(0,0,0)/HD(2,GPT,8e5e3e3d-0fef-401b-a73c-bc608f0a18ba,0x64028,0x1d1ec410)/\System\Library\CoreServices\boot.efi
      dp: 02 01 0c 00 d0 41 03 0a 00 00 00 00 / 01 01 06 00 05 1c / 01 01 06 00 00 00 / 03 12 0a 00 00 00 00 00 00 00 / 04 01 2a 00 02 00 00 00 28 40 06 00 00 00 00 00 10 c4 1e 1d 00 00 00 00 3d 3e 5e 8e ef 0f 1b 40 a7 3c bc 60 8f 0a 18 ba 02 02 / 04 04 50 00 5c 00 53 00 79 00 73 00 74 00 65 00 6d 00 5c 00 4c 00 69 00 62 00 72 00 61 00 72 00 79 00 5c 00 43 00 6f 00 72 00 65 00 53 00 65 00 72 00 76 00 69 00 63 00 65 00 73 00 5c 00 62 00 6f 00 6f 00 74 00 2e 00 65 00 66 00 69 00 00 00 / 7f ff 04 00
